rule key,start line,end line,severity,message,type
java:S1220,null,null,MODULAR,Move this file to a named package.,null,
java:S2387,6,6,CLEAR,"color" is the name of a field in "Parent".,null,
java:S106,9,9,MODULAR,Replace this use of System.out by a logger.,null,
java:S106,10,10,MODULAR,Replace this use of System.out by a logger.,null,
